[print-page-setup]
PPDName=A6
DisplayName=A6
Width=105
Height=148
MarginTop=2.9633311801486544
MarginBottom=2.9633331987592908
MarginLeft=2.9633331987592908
MarginRight=2.9633311801486544
Orientation=landscape
